395 9 5
2163 22 1
142 9 2
523 12 1
2044 160 1
2126 7 1
1688 5 1
1435 9 2
993 24 1
511 22 1
1995 15 1
752 24 1
1513 20 1
1639 24 1
99 18 2
1078 12 1
658 9 1
1172 2 1
19 5 2
649 18 1
1105 206 2
1754 12 1
676 132 1
1631 2 1
1119 2 1
1459 138 1
1749 206 1
878 18 1
891 18 1
2036 18 1
418 5 2
418 9 4
650 22 7
1907 7 1
525 9 1
935 138 1
471 2 2
625 12 1
650 24 22
649 22 1
1359 9 1
418 2 15
1054 22 2
1742 24 2
788 12 1
421 18 1
1640 18 1
650 18 14
926 132 1
1054 18 1
650 12 3
1778 20 1
421 12 3
1181 20 1
275 5 3
1226 2 1
1603 24 2
1664 24 1
1644 2 1
739 24 2
1448 2 1
1603 18 1
727 12 1
1711 206 1
1091 20 1
2037 2 1
1295 12 1
740 15 1
727 18 1
1764 9 1
1973 7 1
1511 9 1
204 12 1
168 9 1
168 2 2
601 18 1
535 12 1
1096 2 1
1968 160 3
1315 2 1
29 206 9
408 24 1
204 18 2
21 138 3
1168 18 1
804 206 1
151 206 1
1171 132 1
861 138 1
866 18 1
1729 12 1
1292 2 1
2097 18 1
408 12 1
2118 160 1
436 9 1
690 138 1
560 9 2
956 5 1
1333 5 1
1925 5 1
2024 7 2
1609 2 1
1609 5 1
1306 138 1
293 7 1
1500 138 2
1805 5 1
2144 5 1
615 160 1
680 2 1
680 9 1
316 9 1
1635 138 1
2000 12 1
355 18 1
144 633 2
1357 12 1
1486 132 1
37 9 2
916 18 1
449 9 2
1218 22 1
90 9 2
173 9 3
1461 206 2
1729 9 1
823 9 1
2068 2 1
1938 2 1
2068 7 1
2138 20 1
916 24 1
747 9 1
1991 7 1
1475 20 1
1124 2 2
1614 206 1
63 24 1
1590 18 1
1615 18 1
1592 160 1
599 12 1
114 24 1
329 5 2
2131 5 1
1589 18 1
776 24 1
599 18 1
461 20 1
87 18 1
209 5 1
1200 2 2
2188 7 1
346 18 2
776 12 1
176 144 1
541 160 1
102 24 2
382 2 1
891 22 1
209 2 1
928 24 1
75 20 1
637 18 1
334 22 1
334 24 4
1004 9 1
1893 22 1
764 24 1
334 20 1
637 12 1
1818 5 1
473 12 2
1466 5 1
1496 24 1
1795 2 1
538 5 1
1709 132 1
379 18 1
1190 9 1
2055 5 1
712 18 1
953 12 1
206 1430 7
1243 9 3
633 144 2
206 1439 5
662 2 6
1402 80 1
700 22 2
1943 20 1
700 24 1
1506 5 1
1692 5 1
805 2 1
2008 12 1
941 18 6
1255 24 1
206 1424 1
206 1423 1
1820 132 1
690 24 2
206 1426 1
2175 7 1
206 1425 1
1047 2 1
304 160 1
1363 5 1
206 1428 1
206 1427 1
206 1429 1
1280 18 1
206 1457 8
586 9 1
206 1456 6
206 1459 2
206 1453 1
68 2 1
586 5 4
2040 160 1
978 138 1
226 5 1
724 15 1
253 20 6
1123 9 1
1759 9 1
1256 2 1
1014 24 1
689 18 2
206 1446 1
1256 9 1
1714 12 2
925 9 1
1679 20 1
422 9 1
1034 9 1
1598 24 1
117 22 1
1896 22 1
117 24 6
424 18 3
358 24 1
1034 2 1
1414 22 1
2162 5 1
912 2 3
1414 18 2
1070 128 1
304 138 1
849 2 2
1230 9 1
117 12 1
596 22 1
206 1461 1
1230 2 1
672 160 2
206 1468 1
206 1467 1
206 1463 1
1586 24 1
2114 160 1
424 24 1
117 18 2
1728 9 1
1509 18 1
1889 160 1
1376 2 3
371 22 1
965 12 1
1376 9 1
302 543 1
1715 5 1
507 18 2
700 18 1
507 12 1
969 5 1
239 2 2
1002 18 1
105 24 1
1572 5 1
1075 12 1
1519 5 1
371 18 2
700 12 4
331 22 1
9 838 1
1144 138 1
1385 12 1
1141 2 1
1574 18 1
1385 18 1
497 5 1
154 12 1
1373 24 1
568 9 1
1600 5 1
154 18 2
2154 20 1
1853 2 1
1141 9 1
907 9 1
761 12 1
584 18 1
1751 18 1
1321 18 3
907 5 2
1403 132 1
960 5 1
1590 9 1
641 12 1
1446 138 1
2073 2 1
1537 5 1
158 144 1
804 138 1
1807 18 1
2178 20 1
1404 9 1
559 22 1
584 20 1
989 22 1
653 18 5
688 9 1
1144 24 1
1986 5 1
884 5 2
2166 22 1
1524 2 1
1021 2 1
1021 5 1
842 20 1
1414 12 1
1154 9 1
154 22 1
817 18 2
154 24 7
1657 2 1
1004 160 1
1154 2 1
1328 2 1
1550 80 2
1806 132 1
1328 5 1
1308 12 1
3 2 1
1185 2 1
1452 206 1
602 128 1
1738 18 1
1876 160 1
86 2 1
736 24 1
14 15 1
1319 160 1
2053 160 1
818 9 1
1350 5 1
1655 18 1
2007 2 1
923 206 1
1738 22 1
653 22 2
1120 12 1
653 24 2
677 12 1
130 12 2
2203 5 1
1866 2 1
257 9 1
2213 15 1
130 18 13
318 18 1
675 9 1
2127 5 1
117 80 2
333 7 1
1613 9 1
333 5 9
130 22 1
190 7 1
130 20 1
130 24 3
206 1419 1
400 22 1
1470 2 1
599 2 1
137 9 1
142 18 2
599 9 1
1065 2 1
213 18 2
1198 9 2
588 138 1
1132 18 2
1203 18 1
1726 24 2
1499 144 1
1763 9 1
225 12 1
340 12 1
935 20 2
1456 24 3
1711 138 1
339 20 1
1051 2 2
1622 138 1
263 2 1
145 12 1
263 5 3
1567 9 2
466 24 5
1452 138 1
130 5 1
454 18 1
130 9 7
935 12 1
352 18 1
406 2 1
21 206 3
1184 2 2
899 2 2
861 206 1
1896 2 1
1147 18 2
842 9 4
121 18 1
1354 22 1
1668 1222 1
1937 160 1
327 18 3
364 18 1
2110 160 1
636 144 2
2091 5 1
2038 2 1
1301 9 1
2091 9 1
1111 18 1
1972 7 1
315 18 2
249 20 1
2101 5 1
144 778 4
429 24 2
1095 2 1
1461 138 2
472 5 1
2196 20 1
1305 18 3
472 2 1
1317 15 1
1240 18 1
1238 9 1
766 5 2
591 18 2
766 9 2
1702 144 1
2013 132 1
1919 5 1
1240 24 1
430 18 2
962 5 2
1291 5 1
315 24 8
1420 20 1
276 5 1
1191 543 2
352 5 1
388 18 1
1008 12 1
442 20 1
1327 9 1
352 2 1
628 18 1
959 12 1
2069 20 1
303 18 3
1069 12 1
112 206 1
1105 138 1
1618 22 1
1643 5 1
1890 12 1
1500 206 2
1378 18 1
1852 2 1
289 2 1
2057 22 1
1492 206 1
376 22 2
133 20 1
485 5 1
840 160 1
773 12 1
753 2 3
1239 20 1
798 160 1
1593 12 1
681 22 1
2145 9 1
1804 9 1
161 9 1
194 24 1
96 24 1
1837 12 1
1149 2 1
99 138 1
823 22 1
38 9 1
99 132 1
1924 5 1
549 138 1
1465 9 1
840 132 1
274 18 1
44 20 2
417 18 1
1794 2 1
1568 20 1
286 20 1
823 24 1
2184 18 1
91 2 1
1802 138 1
1099 160 1
127 128 1
984 20 1
847 24 1
1849 12 1
1781 9 1
2069 5 1
627 138 1
823 18 2
1900 160 1
1225 5 1
1849 18 2
1288 22 1
823 12 1
1990 5 1
1154 206 1
262 22 1
490 9 1
1678 138 1
1057 18 2
298 18 1
2066 160 1
298 22 1
785 20 1
1029 5 1
1606 20 1
1974 12 1
944 9 2
1711 24 1
490 2 1
2132 9 1
32 18 2
1045 24 1
1419 24 1
1082 9 1
1711 22 1
2132 5 1
944 2 1
262 12 1
859 12 1
1711 18 1
616 12 1
1389 7 1
721 15 5
25 2 1
1606 12 1
604 22 1
797 18 1
640 543 1
170 18 2
1606 18 1
2050 1222 1
2189 2 1
2147 18 1
2092 144 1
931 2 1
1799 12 1
160 144 1
1358 5 1
169 18 1
592 5 1
1421 5 1
1750 9 1
174 9 1
1159 20 2
2033 18 1
2207 20 1
348 206 2
797 24 8
2056 5 1
1269 2 1
1693 160 1
1033 18 1
187 5 1
1456 206 3
82 206 1
19 15 1
1021 20 1
1695 12 1
1541 5 1
1212 2 1
1674 5 3
383 9 1
1345 2 1
693 24 1
2021 24 1
19 24 2
19 20 2
708 12 3
250 5 1
1518 2 2
923 138 1
575 18 1
1675 1222 1
206 138 39
632 12 1
1122 5 1
1622 24 1
59 12 1
1141 206 1
1577 12 1
769 18 1
380 20 2
1255 2 1
206 1544 1
191 9 1
467 9 1
650 9 2
1610 18 1
1518 5 1
1634 24 1
1701 2 1
1495 7 1
907 12 3
1495 2 1
1847 9 1
644 18 1
1910 5 1
587 18 1
782 24 1
1816 18 1
23 24 1
907 20 3
794 18 1
1382 12 2
851 18 2
1691 5 1
551 18 1
1967 5 1
60 24 2
553 160 1
717 9 1
1541 20 1
1456 138 3
574 9 1
82 138 1
644 22 1
1638 5 1
149 128 1
1552 138 2
392 12 2
757 24 1
794 12 1
392 18 4
851 12 1
2030 7 1
1691 2 2
1309 2 1
656 24 1
837 2 3
794 24 1
227 9 3
607 18 1
1735 24 1
1780 9 1
2015 543 1
227 2 1
1747 12 1
1166 2 2
1584 9 6
837 5 1
283 206 1
1472 18 1
408 138 1
745 24 2
920 18 1
1299 2 5
1828 132 1
1388 5 1
694 5 1
209 12 1
72 24 1
72 22 2
812 132 1
469 24 1
1723 18 2
932 18 2
1242 2 1
43 2 1
84 24 1
396 144 2
210 18 1
470 12 1
561 9 1
686 496 1
1447 206 1
209 20 1
1394 20 1
838 20 1
1723 22 1
1723 24 13
2074 5 2
1553 24 1
11 12 1
1046 2 1
733 24 3
2123 12 1
1179 9 1
1727 9 1
838 12 1
151 138 1
1052 160 1
169 9 1
887 18 8
514 18 1
222 24 1
885 9 2
502 22 1
789 206 1
1459 24 1
1459 22 2
556 9 1
1985 2 1
825 160 9
1417 206 1
1612 2 1
30 2 1
2005 15 2
1153 9 1
222 18 2
1897 160 1
1789 2 4
1998 5 1
4 5 1
242 206 1
245 5 1
498 2 2
819 9 1
245 9 1
234 24 1
112 9 1
1447 18 1
1017 18 3
457 12 1
112 2 2
2204 5 1
2017 12 1
9 12 1
1865 2 1
676 2 1
1447 24 1
2128 7 1
438 144 1
796 5 1
1422 543 1
1207 5 1
939 2 2
2181 9 1
1095 128 1
968 20 1
1878 2 1
1680 128 1
992 5 1
851 22 1
851 24 1
1758 9 2
9 20 1
321 5 11
1941 5 1
294 138 1
1330 206 1
1482 5 1
1039 160 3
1064 2 1
206 1505 1
2047 160 1
1197 5 1
1882 160 1
258 20 2
1954 7 1
1236 15 1
956 20 1
1005 20 1
526 22 1
201 2 1
2032 160 2
445 12 1
1549 5 1
201 5 1
238 132 1
770 24 1
1528 20 1
1811 138 1
433 22 1
968 12 1
1199 20 2
1821 2 1
108 18 1
806 9 1
258 2 2
1330 24 2
9 2172 1
1993 9 1
53 20 1
647 9 1
443 18 2
188 9 1
1228 2 3
1433 24 1
569 12 1
958 22 1
1419 206 1
1318 20 1
1158 18 4
316 24 2
1686 12 1
1204 12 2
684 12 2
1834 24 1
202 18 2
443 12 2
384 9 1
1445 18 1
1720 18 2
31 160 1
371 160 1
1846 18 3
2091 496 1
156 20 1
844 24 1
2205 138 1
2190 5 1
710 5 1
1547 18 3
1822 18 1
1710 206 1
684 20 1
557 12 1
1348 5 1
830 9 1
1662 15 1
1742 138 1
1411 5 1
820 24 1
1098 9 1
1098 2 4
455 18 1
545 20 2
1560 20 2
455 12 1
1858 12 1
1216 12 1
729 20 1
1020 15 1
2095 20 1
1873 2 1
2004 5 1
1108 5 2
31 138 1
856 18 7
77 20 1
927 160 1
31 144 2
1797 2 2
767 5 3
214 24 1
1810 22 1
316 12 1
316 18 6
2 1011 1
1019 2 2
226 20 1
1490 9 1
1437 2 2
418 12 6
950 5 1
2 1019 1
1019 12 1
353 18 1
226 12 1
1215 2 1
418 20 2
1215 9 1
1007 12 1
15 128 1
340 9 1
754 9 1
558 9 2
1134 18 1
1216 20 1
1698 18 1
226 18 1
874 9 1
2 1035 1
696 20 1
365 18 1
971 22 1
220 9 1
705 12 1
2054 1222 1
431 18 2
1620 5 1
1879 160 1
220 2 1
1555 132 6
39 2 1
546 206 1
678 9 2
39 5 4
39 9 1
2117 132 1
1807 132 1
2111 5 1
1622 206 1
277 7 1
2046 24 1
1393 132 1
1961 22 1
1557 5 2
711 128 1
1146 12 1
678 5 2
19 206 2
1625 18 1
2034 18 1
229 2 1
907 543 2
263 18 1
1379 5 1
282 9 1
616 9 1
1771 9 1
945 9 1
1259 9 1
1442 9 1
1838 5 1
1380 18 1
720 128 1
377 18 1
881 22 1
390 12 1
1575 9 2
2035 5 1
2136 20 1
26 2 2
162 9 1
26 5 1
932 2 1
553 206 2
389 24 1
1888 160 1
389 20 1
483 80 1
869 2 1
175 138 1
1787 132 1
282 2 4
20 1072 1
251 18 1
1637 20 1
508 22 1
593 9 1
1034 206 1
1366 5 1
1408 15 1
647 12 1
647 18 1
1914 5 1
1192 9 1
1277 20 1
1139 5 1
603 5 1
742 24 1
193 18 3
1523 24 1
1784 2 1
193 12 2
1535 12 1
491 5 3
1744 20 1
1927 5 1
533 12 2
1335 5 1
13 2 2
868 12 1
995 20 1
13 9 1
193 22 1
193 24 5
868 18 1
406 18 1
730 20 1
1531 5 1
295 5 1
1183 20 1
1440 206 1
1056 12 1
275 20 1
660 22 3
660 24 1
1807 2 2
1997 20 1
371 9 1
1455 9 1
2142 5 1
1265 15 1
40 138 1
521 20 1
660 18 1
175 9 1
1415 160 1
906 18 1
627 206 2
2199 5 1
659 22 1
175 2 1
864 160 1
147 206 2
1732 18 1
1392 12 1
1485 132 1
1650 18 1
495 12 1
1036 2 1
1352 5 1
455 9 1
1875 160 1
1352 9 1
1215 132 3
505 18 1
896 22 1
206 1660 2
57 2 1
1232 9 1
2100 20 1
259 9 1
2209 5 1
891 9 1
381 22 1
1004 12 1
471 20 1
335 5 1
196 24 1
1371 24 3
1461 24 2
838 9 2
838 5 6
1944 5 1
192 9 1
517 18 1
695 2 1
835 160 1
1371 18 1
1371 15 1
931 22 1
705 9 1
1289 12 1
44 5 2
287 20 1
562 9 1
1862 12 1
2124 15 2
1561 2 3
19 138 2
530 22 1
196 18 1
299 12 1
1276 9 1
348 2 1
1365 5 1
1395 20 1
901 2 1
215 9 3
931 18 9
1957 9 1
686 138 1
228 9 1
943 22 1
281 9 1
31 9 29
1933 22 1
1248 132 1
1331 80 1
1023 2 1
184 18 1
393 22 3
1891 160 1
872 18 1
2107 5 1
873 9 1
408 206 1
1044 160 3
675 24 1
193 206 2
1187 9 1
1728 12 1
159 160 6
1899 2 1
1646 2 1
620 5 1
967 18 1
1969 12 1
1779 9 1
714 20 1
1716 12 1
1081 20 1
687 18 1
157 9 1
211 15 1
211 18 10
434 12 1
967 22 1
107 24 2
211 12 2
1453 206 9
1677 18 1
663 24 1
1448 12 3
1723 206 13
1263 9 1
1766 9 1
1975 7 1
860 160 2
1010 5 1
211 24 14
791 18 1
544 9 1
955 12 1
1213 22 1
211 22 3
1370 5 1
988 138 1
223 18 1
446 18 1
206 622 1
75 5 2
143 144 1
1436 20 1
1957 12 5
1093 20 1
233 9 1
930 132 1
409 22 1
2027 160 1
1225 20 1
160 810 1
160 811 1
1400 18 1
246 5 1
410 18 2
1602 2 1
2214 9 1
1396 2 1
664 5 1
499 5 1
1331 24 3
1793 15 1
247 12 1
113 9 1
2164 20 1
1028 12 1
1004 24 3
472 138 1
1004 22 1
905 160 1
1809 20 1
1004 18 1
1447 138 1
1004 15 1
2071 5 1
1174 9 1
1539 5 1
588 2 3
1931 5 1
120 12 1
1689 18 1
1898 22 1
699 12 1
1868 9 4
588 9 3
126 2 1
1848 132 1
1532 144 1
379 2 1
699 18 2
1110 15 2
1406 9 1
702 20 1
1412 18 2
650 206 1
1552 206 2
422 12 1
1596 12 1
81 24 1
594 20 1
1526 5 1
1647 138 2
831 132 1
593 206 1
1419 138 1
807 12 1
2191 9 1
1659 5 4
1383 5 1
2176 20 1
1439 206 3
235 24 1
1016 12 1
1109 20 1
1250 2 2
980 5 1
1704 12 1
1685 144 1
175 206 1
1160 2 1
319 2 5
1097 5 1
1777 24 8
319 9 1
260 20 2
1616 22 1
319 5 1
319 7 2
787 18 3
1872 2 1
500 18 2
1376 18 1
787 22 1
2059 160 3
1604 20 1
775 18 1
1819 5 1
398 18 1
315 138 6
889 22 1
2201 2 1
1556 5 1
780 206 1
1290 144 1
247 20 1
913 18 1
1903 20 2
1628 22 1
763 24 1
1502 20 1
1274 18 1
1604 12 1
2125 5 1
1789 20 1
512 12 1
580 144 1
500 22 1
385 9 1
1653 206 1
259 18 2
500 24 3
1676 5 3
638 22 1
911 132 1
1753 18 1
1040 9 1
1478 24 1
890 22 1
29 138 9
259 12 1
1347 5 1
252 7 3
799 20 1
877 18 1
1466 20 1
1741 20 1
877 12 1
265 7 6
886 132 2
651 18 2
1908 5 1
349 24 2
349 22 2
797 138 8
1749 138 1
1113 20 1
408 9 1
93 9 1
1867 12 1
476 22 1
536 12 1
349 18 4
369 144 1
751 24 1
1885 5 1
476 20 1
679 5 2
272 20 3
464 12 1
738 24 1
1653 24 1
2163 160 1
2169 5 1
546 2 1
1227 9 1
889 18 1
546 9 1
1454 18 1
1514 12 1
111 24 4
1481 206 1
1569 9 2
341 5 3
937 12 1
1101 20 1
651 24 1
1632 2 1
524 18 1
1262 18 1
1514 20 1
337 18 2
1201 2 1
325 24 2
1621 160 1
160 15 1
1075 20 1
1075 22 1
62 18 4
3 18 1
2156 9 1
1939 20 1
1138 2 2
62 20 1
299 160 1
1591 15 1
440 18 1
962 12 1
217 5 1
270 5 1
270 9 2
31 206 1
1018 2 1
313 18 1
2014 160 1
1717 5 1
2023 5 1
283 9 1
1099 18 1
1770 9 3
150 5 3
452 12 2
1693 22 1
1940 20 1
1693 24 1
950 18 1
1457 206 5
160 22 1
74 24 1
40 206 1
1578 18 1
1245 2 11
2182 20 1
1844 132 4
163 9 3
2143 5 1
301 18 3
5 333 1
1286 12 1
528 9 1
709 160 4
1663 2 1
1542 132 1
1417 24 1
1742 206 1
283 2 1
1796 5 1
301 20 1
1049 2 1
306 2 1
588 12 2
620 496 1
306 9 1
2194 15 2
2010 9 1
5 321 1
147 18 61
934 206 1
1783 9 1
439 18 1
1783 2 1
1992 5 1
2065 160 1
801 20 1
427 22 1
492 9 1
2043 24 1
1125 2 1
588 24 1
1137 18 1
1987 132 1
29 160 2
778 144 4
1334 5 1
98 24 3
147 12 17
1587 9 2
962 22 2
1298 12 1
58 2 1
2130 5 1
1258 5 1
296 9 1
1635 206 1
1240 206 1
1530 5 1
1530 7 1
1939 5 1
147 24 2
2157 20 1
151 18 2
892 9 1
2187 9 1
892 5 1
1823 9 1
180 9 16
1479 138 1
1627 2 1
1209 20 1
839 9 1
1507 9 1
666 20 1
1656 22 1
552 138 1
735 24 1
151 24 4
1084 18 1
1484 9 1
1713 24 1
323 5 1
219 18 1
1703 9 1
1592 132 1
723 12 2
1599 18 1
45 9 2
1747 2 2
1956 5 1
1210 22 1
959 5 1
563 9 1
1351 2 1
203 9 3
311 144 1
1053 144 1
1723 138 13
320 160 1
456 5 1
686 206 1
2174 9 2
415 12 1
986 20 1
163 18 1
986 22 1
1725 18 1
207 144 2
1405 20 1
309 18 1
2078 160 1
691 20 2
244 18 2
1240 138 1
232 20 1
1969 9 1
2041 5 1
2079 18 3
193 9 1
244 24 3
1222 15 1
826 9 1
1155 2 3
1155 5 2
89 9 1
804 18 3
1681 12 1
1494 144 1
1703 5 1
597 20 1
998 20 1
2108 5 1
1035 2 2
180 138 1
6 7 1
804 12 3
1497 9 1
1560 5 2
1440 138 1
412 5 1
1942 160 1
813 9 1
50 20 1
1231 2 1
216 9 2
784 12 1
804 24 2
804 22 2
1364 5 3
946 2 1
617 24 1
1364 9 2
1583 132 1
2085 9 1
545 5 1
593 138 1
841 20 1
1209 5 1
545 9 1
1658 9 1
221 9 2
994 5 1
474 2 1
2018 160 1
1825 132 1
994 2 1
1551 20 1
853 18 1
76 9 2
492 12 1
909 24 2
1066 9 1
206 762 1
1525 2 1
76 2 1
919 206 1
492 18 2
1527 128 1
1881 160 1
1271 18 1
1199 9 2
278 9 1
1329 2 2
853 12 1
1841 2 4
1339 18 1
278 2 1
1199 5 2
1310 138 1
1079 9 1
1329 9 1
629 22 1
630 12 1
1246 22 1
1855 18 1
910 24 1
828 24 1
548 12 1
1645 9 1
265 543 5
588 206 2
1854 2 1
1620 20 1
772 12 1
665 5 2
853 22 1
1189 12 1
828 18 1
1933 206 1
1275 2 1
1449 2 1
2019 7 1
1910 128 1
487 9 1
480 18 1
2072 5 1
487 5 1
1930 5 1
934 18 1
2061 160 1
175 22 2
63 7 1
175 24 3
759 18 1
1955 160 1
324 144 1
1710 138 1
1453 138 6
780 138 1
350 24 3
2046 138 1
187 12 1
430 9 1
760 18 1
367 5 1
187 20 2
175 18 12
1352 20 1
2121 15 2
2 496 1
175 12 1
1418 7 1
1614 5 6
1749 24 1
642 22 1
479 12 1
1749 22 1
1352 12 1
981 5 1
1025 160 2
1481 138 1
187 24 1
654 20 1
1653 138 1
310 5 1
654 22 1
915 5 1
1936 22 1
1395 9 1
247 5 1
1601 9 1
1395 5 2
1749 12 1
247 9 1
747 12 1
1364 20 2
362 20 1
2202 20 1
1186 2 1
315 206 6
349 80 1
1749 18 2
18 1111 1
576 9 1
50 9 1
1457 24 5
1405 5 1
1603 206 2
193 138 2
50 2 4
443 9 3
1072 20 1
1786 9 1
363 12 1
1112 22 1
1479 24 1
493 5 1
1074 2 2
1594 18 1
477 20 1
236 24 2
1112 18 4
2208 20 1
240 9 1
1337 5 1
1270 9 1
248 24 1
809 18 1
1582 22 1
297 9 1
1479 12 1
900 24 1
1533 5 2
297 2 2
373 9 1
623 9 2
1009 22 1
465 24 1
2148 5 1
876 2 1
1121 206 8
375 22 1
2211 9 1
109 18 1
134 24 1
854 160 1
1492 24 1
177 9 1
2098 160 1
94 5 1
547 206 1
1136 20 1
1982 5 1
2015 7 1
1150 9 1
1324 9 1
338 18 1
1371 206 2
547 2 1
453 18 1
701 138 1
948 18 1
547 9 1
743 7 3
996 9 1
1450 206 1
2134 160 1
1128 9 1
622 138 1
1546 9 2
610 9 2
55 18 2
1251 20 1
2135 7 1
326 24 3
253 9 1
261 20 1
1377 18 2
253 5 1
2051 160 1
1582 18 1
1204 9 2
326 15 1
28 2 1
1413 9 1
326 18 2
2002 9 1
261 12 1
1666 2 1
314 20 3
266 2 1
863 2 3
133 5 1
67 22 1
534 9 1
453 22 1
453 20 1
1135 543 1
1316 12 1
462 9 2
1431 2 1
1173 18 3
1684 5 1
391 5 2
302 22 1
2122 7 1
1304 12 2
302 24 1
428 12 1
1817 132 1
605 9 1
1161 20 1
297 24 19
31 80 1
297 22 5
801 2 1
1488 2 1
657 22 1
131 132 1
744 12 1
1660 24 4
1734 20 1
195 9 1
670 20 2
1304 20 1
2179 2 1
1558 132 3
1607 18 1
653 206 3
1098 12 1
391 2 2
183 20 1
297 206 19
20 2138 1
1126 543 1
20 2139 1
1115 5 1
20 2136 1
20 2137 1
531 18 2
1783 206 1
218 206 1
582 9 2
725 5 5
1355 5 1
1431 12 3
1861 18 1
529 9 1
1903 5 3
871 18 1
1722 12 1
1687 496 1
1520 132 1
961 12 1
441 12 1
273 20 1
218 9 1
997 20 2
1999 18 1
1824 22 2
227 206 1
1861 12 1
302 18 1
732 18 1
2042 160 1
404 18 1
218 2 1
797 206 8
1880 2 1
669 22 1
834 12 1
1022 20 1
2186 132 1
1256 206 1
158 15 3
43 18 1
146 24 1
1148 20 1
31 24 1
1221 1222 2
427 7 1
1773 9 4
1444 2 1
1773 2 1
1026 2 2
516 5 1
1159 5 4
516 9 1
1836 18 1
285 18 1
707 22 1
1159 2 2
349 128 1
682 12 1
832 2 2
1760 9 1
846 18 2
480 2 2
1710 24 1
31 18 9
416 12 2
1936 206 1
1092 5 2
608 160 1
2171 22 1
1710 18 1
832 9 1
1457 138 5
985 18 1
206 386 1
206 387 1
349 138 1
1664 138 1
349 132 1
1418 18 1
719 12 1
555 18 1
97 206 1
1916 5 1
297 18 7
1923 160 1
297 12 2
1743 132 1
1664 206 1
564 9 1
117 138 5
311 5 3
1398 5 1
1857 2 1
1145 9 1
1604 5 1
858 160 2
1840 18 1
1398 9 1
850 12 1
1737 5 4
1920 5 1
793 24 2
2146 15 1
540 22 7
608 18 1
837 24 1
1152 20 1
540 24 1
2046 206 1
837 20 1
2146 20 1
162 24 1
1284 543 1
1777 138 8
162 22 1
850 24 1
1724 5 1
1909 160 1
181 9 4
2140 2 1
1581 9 1
46 24 1
349 206 1
1528 5 1
551 2 1
1827 18 1
1795 18 1
768 24 1
33 2 1
156 144 1
1713 206 1
2197 5 1
1603 138 2
1604 9 1
1076 128 2
862 22 1
1158 9 1
1800 5 1
827 9 1
2158 15 1
2064 5 1
1211 20 1
284 138 1
1813 5 1
814 9 1
457 9 1
95 12 1
908 12 4
908 18 1
1635 24 1
645 18 1
947 2 1
1479 206 1
149 20 3
908 22 1
1483 24 1
552 206 2
20 5 2
1474 2 2
1223 20 1
934 9 1
390 9 1
150 20 1
1707 132 1
2184 2 1
934 2 1
162 18 1
1647 24 2
543 132 1
552 24 1
1140 20 2
595 5 1
1946 2 1
1670 9 1
1471 22 1
595 9 1
1341 5 1
1673 144 1
756 18 1
1874 160 1
481 20 1
1746 12 1
552 22 1
399 9 1
2028 12 1
1006 12 1
870 543 1
1951 2 1
481 12 1
921 18 3
973 160 1
1133 160 1
342 5 1
974 543 2
1502 5 1
1043 2 2
223 206 1
1176 2 1
503 144 1
1247 18 1
622 206 1
1768 9 1
1056 9 1
1962 132 2
1056 2 1
2081 20 1
271 138 1
475 5 1
748 160 2
2112 160 1
444 80 1
1699 18 1
898 18 1
1831 2 1
468 18 2
503 18 3
933 18 1
503 12 1
1252 5 1
697 20 1
786 5 1
1235 18 1
786 9 1
982 5 1
1559 5 1
489 144 1
2109 20 1
2105 9 1
520 5 1
916 2 1
1083 18 1
1030 9 1
520 9 1
1071 20 1
198 20 1
1648 2 1
1030 2 1
1260 22 1
270 20 1
1446 24 1
1964 5 1
2168 132 1
577 9 1
527 22 1
1087 2 1
51 9 2
957 22 1
515 12 1
1434 18 4
488 9 1
318 160 1
874 18 1
2082 9 1
1515 5 3
1163 2 1
1977 5 1
269 12 4
621 18 1
351 18 2
456 24 1
456 22 1
640 2 5
456 20 1
1660 138 4
269 18 1
1372 5 1
186 24 1
1083 22 1
573 132 1
851 206 1
1296 2 1
198 12 1
456 18 4
456 12 1
503 160 1
781 22 2
1331 138 3
244 138 3
1947 18 1
165 9 2
2025 20 1
2149 5 1
823 160 1
165 5 1
1808 7 1
546 18 2
1665 5 3
855 24 1
1107 160 1
1651 18 1
2212 5 1
1371 138 2
1550 160 1
741 20 1
903 132 1
361 2 1
308 2 1
1798 2 1
701 206 1
1536 15 2
1660 206 4
2016 5 1
1090 12 1
1782 138 1
522 20 1
241 9 1
997 5 2
653 138 2
879 12 1
1336 5 1
1871 160 1
494 9 1
611 9 1
867 22 1
1726 206 2
282 12 1
1731 12 1
88 12 1
940 5 1
1050 128 1
1476 80 1
831 22 2
82 9 1
374 5 1
716 15 1
29 2 1
704 24 2
1180 24 1
1652 1222 1
704 22 1
40 24 3
160 543 1
40 22 1
2003 5 1
1833 12 1
668 5 1
2173 160 1
1272 20 1
1754 9 1
178 9 1
1060 9 1
1994 20 1
731 9 3
1060 2 1
843 18 1
29 9 1
1193 9 1
558 24 1
189 12 1
612 24 1
789 18 3
843 22 2
1073 5 2
39 20 4
450 5 1
294 18 2
294 12 1
558 18 3
1545 5 1
912 144 1
558 12 2
728 18 2
16 2 1
1845 20 1
189 20 1
789 22 1
1718 18 1
612 12 1
790 12 1
39 12 1
294 24 2
685 12 1
294 22 1
612 18 1
583 7 2
206 9 2
583 9 2
726 5 1
688 1222 1
979 2 1
206 5 1
1563 9 1
206 2 1
206 1143 1
206 1142 1
1696 5 1
2086 20 1
206 1144 1
1450 138 1
1959 5 1
1367 5 1
205 18 1
406 144 1
486 18 2
1929 18 1
147 138 2
1127 18 1
1950 160 1
777 24 1
1892 9 1
1839 2 5
101 12 1
1487 2 1
570 9 1
101 24 3
196 9 1
347 18 1
1971 160 1
1917 24 1
846 9 1
1706 9 1
415 9 1
1500 24 2
229 12 1
1626 20 1
52 12 2
1765 144 1
880 24 1
510 18 2
1038 2 1
1346 12 1
940 12 1
833 9 1
1234 2 1
1988 160 1
1041 160 1
1077 20 1
509 18 1
765 12 1
1512 18 1
1452 24 1
1755 18 1
966 5 1
449 22 1
1915 5 1
356 20 2
1638 20 1
47 2 1
1325 12 1
2103 20 1
700 2 2
2058 160 1
64 18 7
125 24 1
1719 5 1
1928 5 1
1313 18 2
1440 24 1
229 20 2
1772 5 1
152 9 1
368 12 5
648 22 2
1700 132 1
940 20 1
1114 5 1
1473 5 1
116 12 1
1220 2 1
1932 5 1
1244 20 1
254 15 1
1244 22 1
2141 9 1
2192 20 1
976 18 1
2141 5 1
2160 132 1
437 12 1
97 138 1
5 20 3
1106 22 1
104 24 1
1230 206 1
964 22 1
34 2 1
1989 5 1
2198 5 1
1980 160 1
1340 5 1
1157 5 1
1062 15 1
1037 9 1
312 9 1
640 128 1
952 22 2
2089 22 1
206 593 1
1439 24 3
8 9 1
1100 5 1
1397 2 1
249 5 1
244 206 3
815 9 1
449 12 1
701 12 1
449 18 2
1736 9 1
1460 5 1
1736 5 1
1233 2 1
619 9 1
1439 18 1
104 18 2
1439 138 3
1232 22 1
1869 2 1
344 24 1
104 12 2
701 24 1
851 138 1
182 9 1
1011 2 1
292 138 1
935 5 1
2185 7 1
21 9 1
1264 9 1
129 9 1
278 24 1
1777 206 8
332 20 1
78 9 1
1945 5 1
1068 2 1
1403 18 1
1030 206 1
1268 18 1
128 24 1
1885 20 1
1349 12 1
988 20 1
895 18 1
2167 20 1
206 552 5
206 553 1
1268 12 1
413 24 29
1353 5 1
458 5 2
1508 18 1
359 18 1
1118 12 1
1884 132 1
1086 18 1
2006 132 1
1013 12 1
360 18 1
1277 9 1
1322 12 1
1629 5 1
97 160 2
1713 138 1
883 20 1
802 9 1
518 22 2
1958 7 1
401 9 1
425 12 1
2200 15 1
65 9 1
165 20 1
850 9 1
1740 12 1
206 530 1
330 5 2
595 22 1
1514 5 1
27 15 2
806 18 1
652 22 1
1792 18 1
1667 144 1
1830 9 1
5 1911 1
1167 20 1
1293 20 1
1318 5 1
5 1912 1
5 1913 1
2096 5 1
2106 80 1
1251 5 1
1585 18 1
600 12 1
750 18 1
463 5 1
600 18 1
983 5 1
749 24 1
1887 5 1
319 20 1
654 5 1
1514 9 1
2077 160 1
1926 160 1
80 24 1
917 9 1
147 9 20
2155 20 1
521 5 1
737 18 1
521 9 1
1438 5 1
1374 12 1
1188 2 1
1491 2 1
2049 160 1
916 206 1
1597 22 1
1963 5 1
1739 12 1
1469 132 1
1826 160 2
1501 2 2
578 9 1
343 9 2
307 24 1
2104 160 1
372 24 1
52 2 2
1131 2 1
206 503 1
1654 18 1
1597 18 1
1647 206 2
1767 9 1
2119 138 1
894 9 1
688 18 7
1976 5 1
1407 9 1
223 9 1
2083 2 2
1162 9 1
223 2 1
641 9 1
92 20 1
688 12 1
141 24 1
1281 12 1
713 18 1
291 18 2
1703 20 1
1727 12 1
1843 2 1
1554 144 1
688 24 4
688 22 2
565 9 1
1726 138 2
1281 20 1
583 12 2
810 160 4
1902 18 1
1808 22 1
1856 2 2
153 24 1
79 80 1
544 206 1
912 18 1
2070 9 1
490 12 1
1573 18 1
904 5 1
583 22 2
1042 2 1
153 18 7
1175 9 1
427 132 3
1895 2 1
2002 12 1
2133 160 1
1775 9 1
482 5 2
265 132 5
2039 5 2
1656 1222 1
166 9 1
2102 9 1
1297 12 1
1492 138 1
1762 9 1
1032 206 1
1206 2 1
9 1435 2
1773 206 1
1261 12 3
83 2 1
211 138 13
1617 18 1
1196 2 1
865 2 1
2159 2 1
397 22 1
78 132 1
1063 2 1
9 1442 1
1918 2 1
774 24 1
9 1443 1
1886 160 1
1503 12 1
1489 20 1
100 24 1
1102 18 2
290 138 1
242 9 2
112 18 1
2099 132 1
2045 160 1
2026 7 1
242 2 1
1851 2 1
1904 20 1
487 20 1
1731 9 1
1170 2 2
639 18 1
762 24 1
914 18 1
1339 9 1
1735 138 1
888 15 1
70 2 1
652 206 1
2029 160 1
1117 5 1
501 18 1
420 206 7
294 206 2
1191 24 1
122 9 1
762 12 1
914 22 1
919 5 1
375 5 1
456 206 1
972 9 1
1642 12 2
1782 206 1
2 12 1
1630 18 1
762 15 1
1483 138 1
1984 5 1
179 5 1
1273 12 1
1522 5 1
513 18 1
1752 12 1
348 24 3
629 206 1
1477 2 1
541 80 1
1580 18 1
85 18 1
589 20 1
1416 80 1
1224 9 1
136 24 1
348 18 4
2115 160 1
1453 24 7
585 132 2
348 138 2
21 24 6
1000 22 1
1540 5 2
21 22 2
1814 18 1
73 24 1
1433 206 1
1012 20 1
1579 18 1
336 20 1
148 18 1
571 9 1
451 20 4
1344 5 1
1694 18 1
1803 2 1
112 138 1
700 138 1
124 18 1
154 206 8
709 20 1
207 7 2
1571 132 1
692 20 1
1094 9 1
97 18 5
1104 9 1
1949 5 1
148 20 3
1464 5 2
938 24 1
1237 9 4
1453 18 2
1682 18 1
1326 15 1
1453 22 2
21 15 1
21 12 8
999 138 1
112 24 1
590 20 1
627 24 1
403 2 1
627 22 1
21 18 5
206 18 3
1015 5 1
1314 18 1
1015 9 1
48 9 2
206 12 1
140 5 1
1829 2 2
1268 9 1
1015 2 1
2087 22 1
614 132 1
312 24 1
963 12 1
206 19 1
206 29 8
1441 12 1
1859 132 3
1211 5 1
197 9 1
206 24 39
1478 138 1
206 22 4
1776 18 1
206 20 1
2052 1222 1
758 5 1
144 800 1
836 12 1
1088 20 1
1300 2 5
615 24 1
97 24 1
1314 15 1
679 160 2
824 24 1
1605 20 1
206 154 2
786 20 1
2193 15 2
1826 18 1
1905 9 1
1148 7 1
900 160 1
878 9 2
936 132 1
35 2 1
206 147 2
1255 206 1
951 22 8
1208 22 1
1302 18 8
1788 18 1
821 9 2
1156 128 1
1478 206 1
745 138 1
104 9 2
139 12 1
1061 22 2
1588 18 1
746 20 1
643 24 1
655 18 1
816 9 1
300 2 1
206 244 3
1416 15 3
402 18 1
1966 5 1
1233 12 1
949 9 3
1001 5 1
414 22 1
1805 20 1
1134 5 1
673 5 1
1130 12 1
987 12 1
987 18 1
1748 18 1
333 22 1
793 2 1
2088 5 1
1517 2 1
975 20 1
977 128 2
1979 2 1
1811 206 1
1736 12 1
1267 7 1
667 15 1
426 18 2
1073 20 1
206 220 1
598 22 1
1736 20 1
1210 9 1
2151 5 1
2215 20 1
237 2 1
1105 22 1
542 543 4
1323 15 1
1048 18 1
1570 9 1
1498 12 1
1105 24 1
237 9 1
986 138 1
231 20 2
115 18 1
679 20 1
680 12 2
722 18 1
206 211 9
1712 20 3
215 138 1
1552 24 2
1241 2 1
1287 144 1
680 18 3
1257 15 1
839 18 3
783 18 1
206 218 1
839 12 2
792 206 1
680 22 1
2075 7 1
680 24 1
1085 20 1
1922 5 1
1785 12 1
710 20 1
734 15 1
1417 138 1
170 9 1
1562 138 1
321 22 1
2091 12 1
1178 9 1
1564 18 1
618 18 1
117 9 14
206 207 1
1433 138 1
916 138 1
1178 5 1
795 18 1
584 5 1
1935 2 1
308 20 2
1576 18 1
606 22 1
61 24 1
183 9 1
727 9 1
206 1255 1
183 5 1
1058 2 3
584 9 1
727 5 1
1024 20 1
1608 18 1
727 2 1
2091 20 1
1669 18 1
243 24 1
795 12 1
1330 9 1
1311 12 1
1121 9 1
24 208 1
1606 9 1
1606 5 1
326 2 1
1254 9 1
2195 5 1
1387 5 1
586 12 1
1024 24 1
2062 7 1
1330 138 1
280 20 1
1032 2 1
2120 15 1
1032 9 1
918 5 1
1285 9 1
2009 2 1
1282 15 1
579 5 1
1089 5 2
53 5 1
1089 2 1
1496 206 1
1878 12 1
279 20 1
1864 2 1
255 2 1
537 22 1
2129 7 1
525 18 1
1877 2 1
278 206 1
1165 5 1
268 2 1
135 5 1
361 24 1
525 22 1
1330 144 1
491 20 2
1901 18 1
267 20 3
531 132 1
1059 128 1
1178 20 1
1611 9 2
220 206 1
1294 22 1
1481 24 1
148 5 1
148 9 1
1953 7 1
771 24 1
688 128 1
566 9 1
875 160 1
840 15 1
40 2 1
1219 9 1
1548 160 1
2116 5 1
1504 5 1
350 206 2
631 12 2
97 9 1
211 2 1
1361 5 1
631 18 3
237 206 1
211 9 1
550 20 1
385 22 1
1270 12 1
1375 160 1
1540 20 2
1270 18 1
116 144 1
224 5 1
923 18 1
686 2 5
758 20 1
852 12 1
1633 24 1
882 9 1
24 56 1
1757 2 2
420 2 11
829 9 3
923 24 1
1906 160 1
2093 2 2
164 24 3
420 9 1
420 15 1
1 2 1
581 18 1
420 18 2
2060 22 1
305 18 1
1458 9 1
1970 5 1
1811 24 1
179 20 1
5 1636 1
1194 160 1
5 1638 1
420 24 7
1521 9 1
1009 5 1
1067 18 1
1697 12 1
1307 12 1
1182 18 2
1195 9 1
350 9 11
600 9 1
1960 18 1
853 9 1
683 24 1
1075 5 2
808 18 1
2084 12 1
1075 9 1
970 12 1
1283 144 1
297 138 19
407 18 1
1641 9 1
706 20 1
593 24 1
1331 206 3
1169 20 1
1835 18 1
2080 5 1
287 5 2
1850 2 1
715 543 1
29 24 9
154 9 2
420 138 7
29 22 1
2180 132 1
154 2 1
71 9 1
199 144 1
1774 2 1
845 12 2
690 206 1
180 12 1
986 5 2
593 18 2
1708 18 1
432 18 3
180 18 3
593 12 2
2012 160 1
29 18 6
1414 2 6
1712 132 1
1249 5 1
1249 2 1
167 2 1
1205 20 1
700 206 1
2210 5 1
1459 206 1
1983 7 1
1145 18 1
17 18 1
215 18 17
363 9 1
230 9 1
66 24 1
5 725 1
155 18 1
215 12 1
1303 1222 1
1451 132 1
897 9 1
1996 9 1
1391 2 1
1870 160 2
215 24 1
1092 20 2
994 12 1
1217 22 1
893 144 1
1129 2 2
167 24 1
419 18 2
1338 9 1
1790 132 1
1401 5 1
1410 12 1
1730 2 1
110 2 4
2067 160 1
110 5 1
1534 5 1
635 543 1
354 18 1
1229 22 1
1636 20 2
520 20 1
755 18 1
239 18 1
1948 5 1
2001 7 1
1103 5 1
1356 22 1
1008 160 1
227 22 1
172 9 1
20 232 1
1121 138 7
1815 7 1
968 5 1
1860 12 1
1735 206 1
755 24 1
366 12 1
519 18 1
448 5 1
519 12 2
119 9 2
532 12 1
211 206 13
646 20 1
378 12 2
2057 160 1
1733 22 1
185 9 2
1368 15 1
49 2 1
405 132 1
1619 5 1
144 2090 1
506 9 1
366 24 1
2113 15 2
658 12 1
1362 132 1
658 18 1
328 5 1
1672 9 1
2011 20 1
922 144 1
1510 20 1
1343 5 1
669 206 1
1116 9 1
1687 144 1
2150 15 1
206 297 4
1390 132 1
1761 9 1
1381 18 1
671 24 1
103 12 1
381 2 1
20 267 1
1565 5 1
1721 20 1
1312 5 1
456 144 1
626 2 1
879 9 2
1565 9 1
36 2 1
718 22 1
1698 2 1
154 138 7
1907 18 1
20 272 2
634 80 1
264 12 1
391 22 1
1828 2 1
456 138 1
103 24 2
148 144 1
1483 206 1
822 9 1
857 18 1
1369 5 1
2022 160 1
1432 5 2
1223 9 1
2165 2 2
731 24 1
42 20 1
1182 24 1
1894 2 1
613 5 1
1489 2 1
198 9 1
252 22 1
1661 12 1
198 5 1
1489 5 1
731 18 3
1027 2 2
1080 5 1
1690 543 1
731 12 1
484 12 1
252 20 1
1055 24 1
1978 2 1
873 12 1
82 24 1
1003 22 1
794 9 1
937 9 1
1266 9 1
1883 160 1
558 206 1
861 24 1
1863 18 1
1409 9 1
225 9 1
478 9 1
990 5 1
357 18 1
82 18 1
2152 9 2
82 12 2
1386 2 1
472 20 1
2161 160 1
516 20 1
421 9 1
929 24 1
269 128 2
350 138 2
942 18 1
1801 9 1
1255 138 1
885 18 2
460 18 1
1649 2 1
94 20 1
661 9 1
1146 2 2
1446 206 1
370 18 2
811 160 6
1529 5 1
269 138 2
1921 5 1
2076 9 1
10 2 2
528 18 11
206 348 1
1450 24 1
1279 9 1
528 12 3
369 22 2
1745 80 1
2020 12 1
369 24 1
804 9 2
1475 5 1
1934 2 1
1197 20 1
954 22 2
1842 132 2
553 22 2
10 132 1
1671 2 1
553 18 2
1253 2 1
459 18 1
1437 12 2
1342 5 1
779 18 1
924 2 2
1543 15 1
394 18 1
391 144 1
2063 5 2
634 12 1
206 315 5
45 22 1
1624 18 1
1399 5 1
1605 5 1
1538 132 1
1278 22 2
1462 2 1
118 5 1
382 24 2
171 9 1
117 206 5
861 18 2
54 5 1
288 20 1
572 9 1
1000 7 1
1791 2 1
541 18 2
2206 2 1
848 9 1
447 5 1
326 160 3
123 9 1
376 9 1
1121 12 1
698 22 1
1566 128 1
1121 18 2
2183 5 1
1623 2 1
1164 2 1
1052 24 1
703 15 1
1756 9 1
1705 12 1
1812 1222 1
1480 5 2
1121 24 7
1683 144 1
1121 22 2
2177 20 2
1993 12 1
322 160 1
715 24 1
1952 7 1
1384 22 1
2031 160 1
567 9 1
624 160 2
106 24 1
622 24 1
435 18 2
41 2 1
1240 2 1
1108 20 2
423 20 1
1332 15 3
389 5 1
2170 2 1
622 12 2
780 12 1
1177 2 1
256 2 3
1981 132 1
200 24 1
686 24 2
780 18 6
1202 20 1
329 20 1
1320 12 1
902 18 1
5 1719 1
1832 9 1
780 24 1
1496 138 1
269 2 1
610 12 4
2094 9 1
554 2 1
69 24 1
472 496 1
1490 24 1
885 24 2
2153 20 1
1595 18 1
745 206 1
1151 9 1
1516 9 1
149 5 1
792 22 1
2 7 1
2048 160 1
85 9 2
609 18 1
803 496 1
1031 9 1
991 20 1
70 12 1
1031 2 1
70 15 1
1782 24 1
1493 2 1
317 18 1
215 206 1
1965 7 4
539 132 1
345 9 1
504 22 1
1144 206 1
1636 5 2
1214 20 1
1360 5 1
411 18 2
1027 18 2
70 20 1
674 5 2
212 5 1
1769 9 1